Bucolica 3‚109f.

4, 9
49
5, 15
16 f.
6, 20f.
38 f.
55 f.
7, 14
61
8, 101
10, 52

Georgica I 7

21
63
78
135
144
181
201 f.
215
281
313
356 ff.
469 ff.
482
499
514
588 f.
Π 5
66
81 f.
95 f.
98
161 ff.
227 ff.
296
321
373 ff.
399 ff.
407

REGISTER.

373, 3.
148.
436.
422‚1.
387 f.
180.
393, 5.
180.
444, 3.
157.
192.
119.
367.
141.
444.
419,1.
115.
184.
430.
414.
125.
413.
430.
408. 23.
275.
292.
148.
423.
431.
428.
158.
189.
125.
292. 367,1.
183.
289.
238.
429.
275.
423.
143.

 

Georgica H

111

IV

461 ff.
470
503
3
8 f.
37 ff.
69 f.
86
1 18
188
202
238
255
259
261
276
280
31 1
331 ff.
344
376 f.
391 ff.
435
449
486
554 f.
50
55
71 f.
1 22
202 ff.
215
219 ff.
270
453 ff.
467 ff.
478 f.
479 f.
540
546

483

388.
418, 6.
129.
235.
362.
285.
129.
181.
208.
286.
316.
395, 2.
430.
243.
200.
436.
243.
319.
388.
367.
415.
167.
145.
436, 4.
444, 4.
408.

338.

418, 3.
419, 3.

31*

180.
248.
233.
431.
16 f.
187.
121 f.
156.
388.
240 f.
132.
131.

