482 REGISTER.

Aeneis IX 47⁷ 428. 1 Aeneis XI 35 112.
484 235. 41 334.
503 f. 407, 6. 47 319.
532 429. 51 f. 413.
620 302, 1. 61 420, 1.
664 ff. 415. 64ff. 388.
667 297. 86 400.
674 ff. 207. 101 192.
696 226. 135 113.
705 172. 262. 149 f. 245.
707 262. 193 ff. 193.
710 112. 236 423, 2.
767 223. 242 367.

X 1 274. 414, 1. 382 425.

2 240. 445 186.
14 145 f. 462 366.
19 248. 507 179.
55 f. 146. 509 f. 245.
94 f. 423. 512 290.
96 158. 543 193.

104 367, 1. 552 ff. 167.

104 ff. 275. 598 f. 376.

109 ff. 156. 600 113.

136 428, 3. 614 430.

143 ff. 193. 632 429, 3.
148 316. 696 362, 1.
153 182. 430. 758 419, 4.
189 ff. 189. 787 157.

195 413. 851 159. 422, 4.
215 f. 263 f. 865 235.

218 216. ΧΠ 18 411. 15.
227 ¹ 252. ,25 430, 2.
252 f. 314. 15. 26 271. 430, 2.
270 227. 65 f. 138.

299 148. 144 218. 419, 4.
304 423. 185 316.

361 429. 295 137. 367.
367 365. 441 366.

467 153. 447 138.

471 f. 12. 541 212.

475 202. 565 428.

480 137. 566 316.

505 431. 591 f. 200.

514 443. 634 430.

518 f. 311. 638 222.

519 420, l. 708 303 f.

594 430. 739 112.

609 f. 336. 772 291.

614 129. 788 188.

681 116. . 839 449.

686 220. 843 196.

723 184. , 863 436.

733 129. 897 185.

743 220. 950f. 221.

834 221. Bucolica 1, 55 419, 1.
843 429. 75 119.

849 221. 2, 48 187.

877 265. 58 122.
890f. 393. 3, 4 148.

895 116. 36 ff. 387.

904 259. 48 447.

