Aeneis V ,700
701f.
708
⁷09fi
722ff.
724
731ff.
754
799
801
813
822
829
855
855fi
871

VII 22
28
32
41
45
93

113
140
156
103fi
170
182
194
228
240
272
292
323ff.
345
423
428
433
441fi
473ff.
490
526
535
580fi
601
607
007ff2
624
625
631
634
640
664
667
708
711
715
738
701ff.

Vm 2
36

250.
179.
231
150.

45.
283
372.
336.
367.
324
229.
304.
413.
238.
424.

419,1.

229.
148.
231.
148.
181.
132.
444.
198.
182.
415.
185.
292fi
367.
223.
247fi
135.
138.
157.
364.
286.
277.
286.
245.
275.
292.
300.
333.
180.
116.
243.
340.
336.
300.
428.
436.
·185.
119.
145.
428.

262.

422, 2.

148.
339
193.

, 180.

159.

Vzneu Bueh V1, von Norden.

REGISTER..

Aeneis vm 46'f.
78
84
90
96
101
109
127
13lfi
135
140fi
152
162
lssefl
229
253
264
274
306ἱ
307
309
334
345
365
370
389f.
432
452
465
466
467
513
520
522
526
544
546
596
603
630
641
648
653
654
668fi
677
695
701f.

IX 301³.
57

77ff.

106
141
146
225
229
388
403
453
459f.

197.
139.
142.
129.
233.
444.
233.
300.
218.
153.
123.
284.
287.
293.
.430.
181.
115, 1.
174.
140.
289.
247. ·
179.
153.
429.
305.
155.
138.
227.
413.
220.
179.
297.
179.
179. 85.
300.
112.
132.
340.
411.
228.
119.
131.
321.
324.
337.
279.
323f.
302.
147.
414.
302,1.
107. 203.
411.
240.
271.
307‚1.
291. 415.
184.
205.
179.
204.

31

481

