480

A e n e i s II 494
501 ff.
505 ff.
550
553
567 ff.

[584]
616
658·
663
667
670
693
738
746
749
776
790 ff.

111 12
21
22 ff.
67 f.
68
90
90 ff.
109
119 f.
153
158
163 ff.
186
200
207
296 ff.
358
359—80
362
379
429 ff.
458 ff.
461
464
492
544
549
550
562
576
608
618 ff.
632
658
679 ff.
686
697
704
706
IV 6
16
22
37

188.
275.
256.
324.
227.

, 255.

443.
277.
444.
317.
444fi
324.63‚2.
280.
153.
316.
185.
161.
250.
127.429.
218.
166fi
174.
235.
276.
138.99.
187.
125.
231.
160.
256.
316.
129.
182.430.
215.
234.
124.32.
234.
309.
145.
44f.
398.
428.
334.
173.
413.36.
218.
413.
1151.
311.
278.
1151.
185.
206.
227.
368.423.1
218
129.
368.
286.
316.
326.

REGISTER.

A en e i Β IV 73
80 f.
101
123
131
181
217
219.
230
235
242 ff.
309
316
320
372
384
397 f.
404 ff.
405 f.
417
420
460
, 486
550
579 f.
582
583
584 f.
614
623 f.
638 f.
655 f.
667
693 ff.
698 ff.
V 16
33 f.
45
56
81
102
120
140
255
255 ff.
320
333
358
368
372
382
422
467
481
521
522 ff.
553
588 f.
591
594 f.
663 ff.

227.
424.
138.
324.
430.
185.
286.
158.
257.
259.

157.

305.

415.
367.
140.
367.
247.
413.
415.
248.

423,

2.

444.
238.
424.
285.
202.

423,

413.
263.
230.
339.
289.
248.
428.

12.
166.
137.

111
159

f 257.

368.
400.
292.

413
182

s 423,3.

302.
415.
429.

115,

295.

182
253
137

414,
441,

J414‚1
. 367.

430.
295.
162.
218.
128.
423.
207.
415.

